# keyframe format v1
fps 0
0
216
318
390
582
612
655
756
804
894
1060
1227
1275
1278
1344
1404
1470
1496
1550
1626
1728
1824
1898
1964
1990
2026
2128
2224
2314
2366
2415
2541
2685
2813
2921
3005
3059
3167
3220
3286
3394
3502
3592
3649
3889
3957
4529
4935
5025
5247
5286
5628
5712
5778
5817
6114
6258
6356
6446
6507
6595
6684
6788
6884
6992
7064
7208
7316
7436
7484
7580
7646
7736
7786
7792
7865
8013
8094
8102
8194
8224
8284
8362
8488
8542
8698
8788
8860
8974
9046
9106
9152
9260
9362
9452
9578
9678
9714
9762
9844
9914
9974
10034
10130
10218
10308
10406
10574
10640
10724
10766
10980
11112
11226
11298
11388
11472
11532
11628
11710
11804
11894
11984
12050
12146
12287
12437
12497
12557
12659
12815
12890
12938
13033
13198
13282
13414
13570
13612
13792
13936
14092
14248
14408
14492
14552
14588
14700
14794
14886
14958
15047
15147
15243
15357
15375
15380
15513
15514
15609
15681
15741
15801
15831
15862
15918
15963
16155
16275
16359
16425
16592
16689
16855
16964
17024
17310
17422
17566
17626
17686
17734
17848
17938
18010
18088
18220
18328
18412
18508
18556
18655
18664
18748
18892
18976
19048
19112
19226
19298
19472
19556
19706
19784
19928
19976
20096
20204
20252
20314
20404
20476
20656
20788
20878
20943
21111
21219
21291
21579
21699
21819
21933
22173
22257
22365
22425
22491
22617
22701
22773
22839
22929
22995
23059
23146
23254
23338
23410
23476
23572
23624
23702
23744
23836
23905
23958
24023
24107
24143
24239
24311
24413
24485
24545
24629
24707
24797
24911
25007
25091
25181
25253
25361
25457
25625
25709
25781
25853
25877
25922
26054
26198
26294
26384
26488
26605
26650
26734
26806
26926
26974
27032
27186
27234
27282
27426
27534
27618
27702
27774
27882
27987
28094
28116
28121
28127
28147
28227
28341
28515
28616
28760
28856
28907
28946
28994
29102
29306
29375
29402
29498
29550
29622
29718
29814
29870
29984
30020
30116
30174
30264
30378
30498
30810
31008
31687
31937
31953
31976
32378
32411
32522
32726
32968
33040
33220
33376
33442
33532
33604
33736
33856
33922
33994
34078
34234
34284
34313
34337
34367
34402
34448
34487
34515
34543
34580
34644
