# keyframe format v1
fps 0
0
410
492
585
704
825
945
1021
1117
1176
1748
2154
2244
2466
2505
2847
2931
2997
3036
3333
3483
3544
3700
3880
4012
4072
4128
4241
4281
4323
4446
4542
4637
4792
4939
5067
5136
5232
5861
5996
6093
6144
6346
6521
6542
6557
6562
6622
6766
6808
6872
6986
7056
7142
7242
7326
7433
7553
7637
7703
7745
7837
7993
8041
8081
8261
8363
8669
8755
8813
8902
9006
9126
9277
9467
9541
9625
9685
9786
9894
9959
10085
10139
10169
10259
10361
10472
10584
10680
10776
10836
10928
11048
11162
11224
11384
11516
11576
11647
11718
11819
11923
12013
12108
12176
12308
12398
12450
12514
12566
12599
12653
12717
12810
12906
12972
13068
13170
13218
13290
13326
13364
13404
13549
13602
13650
13782
13863
13943
14051
14152
14242
14331
14424
14508
14593
14659
14725
14795
14860
14904
14960
15030
15096
15138
15177
15225
15345
15573
15692
15752
15860
15908
15985
16057
16153
16242
16350
16512
16584
16680
16788
16878
16947
16977
17209
17260
17386
17457
17493
17580
17581
17582
17583
17704
17708
17816
17878
17933
18000
18074
18151
18264
18360
18543
18618
18690
18780
18947
19164
19263
19407
19460
19598
19656
19852
19912
19972
20086
20147
20219
20399
20467
20523
20619
20823
20848
20903
21029
21118
21226
21310
21375
21435
21497
21665
21753
21867
21946
22113
22203
22277
22421
22493
22565
22685
22773
22881
22959
23013
23061
23105
23159
23189
23255
23399
23457
23503
23617
23779
23863
23951
24029
24137
24281
24434
24589
24636
24789
24840
24952
25046
25214
25364
25500
25596
25638
25710
25770
25956
26052
26100
26213
26318
26396
26468
26559
26631
26725
26853
26967
27027
27080
27164
27244
27304
27394
27474
27522
27642
27708
27744
27828
27893
27969
28035
28090
28186
28241
28350
28404
28515
28673
28793
28929
28991
29063
29147
29185
29275
29415
29502
29557
29647
29839
29953
30067
30241
30385
30445
30539
30599
30722
30726
30830
30995
31199
31373
31529
31567
31611
31691
31802
31856
32005
32129
32327
33006
33255
33272
33295
33697
33730
33841
34045
34286
34322
34351
34393
34448
34479
34525
34581
